4092 4089 4086 4083 4081 4080 4078 4078 4077 4077 4077 4077 4078 4079 4080 4081 4083 4086 4089 4092 
4089 4083 4077 4072 4068 4065 4063 4061 4060 4059 4060 4060 4062 4063 4066 4068 4072 4077 4083 4089 
4086 4077 4070 4063 4057 4053 4049 4047 4044 4044 4044 4045 4047 4050 4053 4058 4063 4070 4077 4086 
4083 4072 4063 4055 4048 4042 4038 4034 4031 4030 4030 4031 4034 4038 4043 4048 4055 4063 4072 4083 
4081 4068 4057 4048 4040 4033 4027 4023 4019 4018 4018 4020 4023 4028 4033 4040 4048 4058 4068 4081 
4080 4065 4053 4042 4033 4024 4018 4012 4009 4007 4008 4009 4013 4018 4025 4033 4043 4053 4066 4080 
4078 4063 4049 4038 4027 4018 4010 4005 4001 4000 4000 4002 4005 4011 4018 4028 4038 4050 4063 4079 
4078 4061 4047 4034 4023 4012 4005 3999 3996 3994 3995 3996 4000 4005 4013 4023 4034 4047 4062 4078 
4077 4060 4044 4031 4019 4009 4001 3996 3992 3991 3991 3993 3996 4002 4009 4020 4031 4045 4060 4077 
4077 4059 4044 4030 4018 4007 4000 3994 3991 3989 3990 3991 3995 4000 4008 4018 4030 4044 4060 4077 
4077 4060 4044 4030 4018 4008 4000 3995 3991 3990 3989 3991 3994 4000 4007 4018 4030 4044 4059 4077 
4077 4060 4045 4031 4020 4009 4002 3996 3993 3991 3991 3992 3996 4001 4009 4019 4031 4044 4060 4077 
4078 4062 4047 4034 4023 4013 4005 4000 3996 3995 3994 3996 3999 4005 4012 4023 4034 4047 4061 4078 
4079 4063 4050 4038 4028 4018 4011 4005 4002 4000 4000 4001 4005 4010 4018 4027 4038 4049 4063 4078 
4080 4066 4053 4043 4033 4025 4018 4013 4009 4008 4007 4009 4012 4018 4024 4033 4042 4053 4065 4080 
4081 4068 4058 4048 4040 4033 4028 4023 4020 4018 4018 4019 4023 4027 4033 4040 4048 4057 4068 4081 
4083 4072 4063 4055 4048 4043 4038 4034 4031 4030 4030 4031 4034 4038 4042 4048 4055 4063 4072 4083 
4086 4077 4070 4063 4058 4053 4050 4047 4045 4044 4044 4044 4047 4049 4053 4057 4063 4070 4077 4086 
4089 4083 4077 4072 4068 4066 4063 4062 4060 4060 4059 4060 4061 4063 4065 4068 4072 4077 4083 4089 
4092 4089 4086 4083 4081 4080 4079 4078 4077 4077 4077 4077 4078 4078 4080 4081 4083 4086 4089 4092 
